Accuracy: 0.8284
Precision: 0.6524908869987849
Recall: 0.7897058823529411
F1 Score: 0.7145708582834331
